
------------------------------+-------------------------+-------------------------+-------------------------+-------------------------+-------------------------+-------------------------+-------------------------+-------------------------+-------------------------+-------------------------+-------------------------+-------------------------+
              CC              |       NUM_CYCLES        |   NUM_INSTRS_RETIRED    |    NUM_STALL_CYCLES     |    NUM_MEM_REQUESTS     |    NUM_MEM_RESPONSES    |  AVG_RESPONSE_LATENCY   | NUM_TTIMEDOUT_REQUESTS  |     INSTR_PER_CYCLE     |   CACHE_NUM_ACCESSES    |     CACHE_NUM_HITS      |   CACHE_HIT_RATE_PERC   |  MISSES_PER_1000_INSTR  |
------------------------------+-------------------------+-------------------------+-------------------------+-------------------------+-------------------------+-------------------------+-------------------------+-------------------------+-------------------------+-------------------------+-------------------------+-------------------------+
lavaMD_5                      |                5561431.0|               43920412.0|                  28827.0|                   5427.0|                   5427.0|                    178.0|                      0.0|                 7.897322|                 631424.0|                 192500.0|                    30.49|                     9.99|
gemm_float                    |                 109220.0|                 485376.0|                 362254.0|                   9503.0|                   9503.0|                    185.0|                      0.0|                 4.444021|                  54234.0|                  10418.0|                    19.21|                    90.27|
gemm_half                     |                  68512.0|                 254208.0|                 277680.0|                   6445.0|                   6445.0|                    179.0|                      0.0|                 3.710416|                  54824.0|                   7272.0|                    13.26|                   187.06|
cnn_float                     |                2536533.0|               12896154.0|                7049370.0|                 240247.0|                 240247.0|                    140.0|                      0.0|                 5.084166|                 735455.0|                 246953.0|                    33.58|                    37.88|
cnn_half                      |                3380490.0|               14857416.0|               11809830.0|                 437075.0|                 437075.0|                    119.0|                      0.0|                 4.395048|                1966978.0|                 313582.0|                    15.94|                   111.28|
gpt2_float                    |               10002387.0|               43232239.0|               34780934.0|                 819158.0|                 819158.0|                    202.0|                      0.0|                 4.322192|               33211829.0|                3472771.0|                    10.46|                   687.89|
gpt2_half                     |                5743191.0|               27506706.0|               16821050.0|                 380889.0|                 380889.0|                    201.0|                      0.0|                 4.789446|               15494615.0|                 629148.0|                     4.06|                   540.43|
------------------------------+-------------------------+-------------------------+-------------------------+-------------------------+-------------------------+-------------------------+-------------------------+-------------------------+-------------------------+-------------------------+-------------------------+-------------------------+

------------------------------+-------------------------+-------------------------+-------------------------+-------------------------+-------------------------+-------------------------+-------------------------+-------------------------+-------------------------+-------------------------+-------------------------+-------------------------+
              TC              |       NUM_CYCLES        |   NUM_INSTRS_RETIRED    |    NUM_STALL_CYCLES     |    NUM_MEM_REQUESTS     |    NUM_MEM_RESPONSES    |  AVG_RESPONSE_LATENCY   | NUM_TTIMEDOUT_REQUESTS  |     INSTR_PER_CYCLE     |   CACHE_NUM_ACCESSES    |     CACHE_NUM_HITS      |   CACHE_HIT_RATE_PERC   |  MISSES_PER_1000_INSTR  |
------------------------------+-------------------------+-------------------------+-------------------------+-------------------------+-------------------------+-------------------------+-------------------------+-------------------------+-------------------------+-------------------------+-------------------------+-------------------------+
lavaMD_5                      |                5561431.0|               43920412.0|                  28827.0|                   5427.0|                   5427.0|                    178.0|                      0.0|                 7.897322|                 631424.0|                 192500.0|                    30.49|                     9.99|
gemm_float                    |                 109220.0|                 485376.0|                 362254.0|                   9503.0|                   9503.0|                    185.0|                      0.0|                 4.444021|                  54234.0|                  10418.0|                    19.21|                    90.27|
gemm_half                     |                  96207.0|                 254208.0|                 499374.0|                   6437.0|                   6437.0|                    179.0|                      0.0|                 2.642303|                  54816.0|                   7260.0|                    13.24|                   187.08|
cnn_float                     |                2536533.0|               12896154.0|                7049370.0|                 240247.0|                 240247.0|                    140.0|                      0.0|                 5.084166|                 735455.0|                 246953.0|                    33.58|                    37.88|
cnn_half                      |                7505373.0|               14857416.0|               44717694.0|                 419842.0|                 419842.0|                    118.0|                      0.0|                 1.979571|                1954134.0|                 305665.0|                    15.64|                   110.95|
gpt2_float                    |               10002387.0|               43232239.0|               34780934.0|                 819158.0|                 819158.0|                    202.0|                      0.0|                 4.322192|               33211829.0|                3472771.0|                    10.46|                   687.89|
gpt2_half                     |               19859907.0|               27506706.0|              128331983.0|                 397751.0|                 397751.0|                    198.0|                      0.0|                 1.385037|               15505412.0|                 607508.0|                     3.92|                   541.61|
------------------------------+-------------------------+-------------------------+-------------------------+-------------------------+-------------------------+-------------------------+-------------------------+-------------------------+-------------------------+-------------------------+-------------------------+-------------------------+

------------------------------+-------------------------+-------------------------+-------------------------+-------------------------+-------------------------+-------------------------+-------------------------+-------------------------+-------------------------+-------------------------+-------------------------+-------------------------+
              RR              |       NUM_CYCLES        |   NUM_INSTRS_RETIRED    |    NUM_STALL_CYCLES     |    NUM_MEM_REQUESTS     |    NUM_MEM_RESPONSES    |  AVG_RESPONSE_LATENCY   | NUM_TTIMEDOUT_REQUESTS  |     INSTR_PER_CYCLE     |   CACHE_NUM_ACCESSES    |     CACHE_NUM_HITS      |   CACHE_HIT_RATE_PERC   |  MISSES_PER_1000_INSTR  |
------------------------------+-------------------------+-------------------------+-------------------------+-------------------------+-------------------------+-------------------------+-------------------------+-------------------------+-------------------------+-------------------------+-------------------------+-------------------------+
lavaMD_5                      |                5561431.0|               43920412.0|                  28827.0|                   5427.0|                   5427.0|                    178.0|                      0.0|                 7.897322|                 631424.0|                 192500.0|                    30.49|                     9.99|
gemm_float                    |                 109220.0|                 485376.0|                 362254.0|                   9503.0|                   9503.0|                    185.0|                      0.0|                 4.444021|                  54234.0|                  10418.0|                    19.21|                    90.27|
gemm_half                     |                  96207.0|                 254208.0|                 499374.0|                   6437.0|                   6437.0|                    179.0|                      0.0|                 2.642303|                  54816.0|                   7260.0|                    13.24|                   187.08|
cnn_float                     |                2536533.0|               12896154.0|                7049370.0|                 240247.0|                 240247.0|                    140.0|                      0.0|                 5.084166|                 735455.0|                 246953.0|                    33.58|                    37.88|
cnn_half                      |                7505373.0|               14857416.0|               44717694.0|                 419842.0|                 419842.0|                    118.0|                      0.0|                 1.979571|                1954134.0|                 305665.0|                    15.64|                   110.95|
gpt2_float                    |               10002387.0|               43232239.0|               34780934.0|                 819158.0|                 819158.0|                    202.0|                      0.0|                 4.322192|               33211829.0|                3472771.0|                    10.46|                   687.89|
gpt2_half                     |               19859907.0|               27506706.0|              128331983.0|                 397751.0|                 397751.0|                    198.0|                      0.0|                 1.385037|               15505412.0|                 607508.0|                     3.92|                   541.61|
------------------------------+-------------------------+-------------------------+-------------------------+-------------------------+-------------------------+-------------------------+-------------------------+-------------------------+-------------------------+-------------------------+-------------------------+-------------------------+

------------------------------+-------------------------+-------------------------+-------------------------+-------------------------+-------------------------+-------------------------+-------------------------+-------------------------+-------------------------+-------------------------+-------------------------+-------------------------+
             GTO              |       NUM_CYCLES        |   NUM_INSTRS_RETIRED    |    NUM_STALL_CYCLES     |    NUM_MEM_REQUESTS     |    NUM_MEM_RESPONSES    |  AVG_RESPONSE_LATENCY   | NUM_TTIMEDOUT_REQUESTS  |     INSTR_PER_CYCLE     |   CACHE_NUM_ACCESSES    |     CACHE_NUM_HITS      |   CACHE_HIT_RATE_PERC   |  MISSES_PER_1000_INSTR  |
------------------------------+-------------------------+-------------------------+-------------------------+-------------------------+-------------------------+-------------------------+-------------------------+-------------------------+-------------------------+-------------------------+-------------------------+-------------------------+
lavaMD_5                      |                5566326.0|               43920412.0|                  71109.0|                   4912.0|                   4912.0|                    175.0|                      0.0|                 7.890377|                 630900.0|                 498606.0|                    79.03|                     3.01|
gemm_float                    |                 103685.0|                 485376.0|                 317278.0|                   9251.0|                   9251.0|                    186.0|                      0.0|                 4.681256|                  54077.0|                  11746.0|                    21.72|                    87.21|
gemm_half                     |                  94045.0|                 254208.0|                 481382.0|                   6224.0|                   6224.0|                    180.0|                      0.0|                 2.703046|                  54691.0|                   9274.0|                    16.96|                   178.66|
cnn_float                     |                2279145.0|               12896154.0|                4878418.0|                 258899.0|                 258899.0|                    123.0|                      0.0|                  5.65833|                 726982.0|                 276185.0|                    37.99|                    34.96|
cnn_half                      |                7473138.0|               14857416.0|               44543047.0|                 350099.0|                 350099.0|                    120.0|                      0.0|                 1.988109|                1916322.0|                 291549.0|                    15.21|                   109.36|
gpt2_float                    |                9432009.0|               43232239.0|               30328540.0|                 828246.0|                 828246.0|                    202.0|                      0.0|                 4.583567|               33219997.0|                3365260.0|                    10.13|                   690.57|
gpt2_half                     |               19404393.0|               27506706.0|              124838231.0|                 378855.0|                 378855.0|                    201.0|                      0.0|                 1.417551|               15492237.0|                1321831.0|                     8.53|                   515.16|
------------------------------+-------------------------+-------------------------+-------------------------+-------------------------+-------------------------+-------------------------+-------------------------+-------------------------+-------------------------+-------------------------+-------------------------+-------------------------+

------------------------------+-------------------------+-------------------------+-------------------------+-------------------------+-------------------------+-------------------------+-------------------------+-------------------------+-------------------------+-------------------------+-------------------------+-------------------------+
             CCWS             |       NUM_CYCLES        |   NUM_INSTRS_RETIRED    |    NUM_STALL_CYCLES     |    NUM_MEM_REQUESTS     |    NUM_MEM_RESPONSES    |  AVG_RESPONSE_LATENCY   | NUM_TTIMEDOUT_REQUESTS  |     INSTR_PER_CYCLE     |   CACHE_NUM_ACCESSES    |     CACHE_NUM_HITS      |   CACHE_HIT_RATE_PERC   |  MISSES_PER_1000_INSTR  |
------------------------------+-------------------------+-------------------------+-------------------------+-------------------------+-------------------------+-------------------------+-------------------------+-------------------------+-------------------------+-------------------------+-------------------------+-------------------------+
lavaMD_5                      |                5561435.0|               43920412.0|                  29694.0|                   5423.0|                   5423.0|                    178.0|                      0.0|                 7.897316|                 631420.0|                 195598.0|                    30.98|                     9.92|
gemm_float                    |                 107467.0|                 485376.0|                 348076.0|                   9269.0|                   9269.0|                    187.0|                      0.0|                 4.516512|                  54099.0|                  11309.0|                     20.9|                    88.16|
gemm_half                     |                  94419.0|                 254208.0|                 486060.0|                   6226.0|                   6226.0|                    181.0|                      0.0|                 2.692339|                  54697.0|                   8076.0|                    14.76|                    183.4|
cnn_float                     |                2532997.0|               12896154.0|                7026121.0|                 239887.0|                 239887.0|                    140.0|                      0.0|                 5.091263|                 735159.0|                 246701.0|                    33.56|                    37.88|
cnn_half                      |                7505547.0|               14857416.0|               44713757.0|                 419623.0|                 419623.0|                    118.0|                      0.0|                 1.979525|                1953971.0|                 305612.0|                    15.64|                   110.95|
gpt2_float                    |               10003682.0|               43232239.0|               34787591.0|                 819331.0|                 819331.0|                    202.0|                      0.0|                 4.321633|               33212002.0|                3473422.0|                    10.46|                   687.88|
gpt2_half                     |               19973959.0|               27506706.0|              129290659.0|                 383843.0|                 383843.0|                    202.0|                      0.0|                 1.377128|               15497802.0|                 966651.0|                     6.24|                   528.28|
------------------------------+-------------------------+-------------------------+-------------------------+-------------------------+-------------------------+-------------------------+-------------------------+-------------------------+-------------------------+-------------------------+-------------------------+-------------------------+
